(title "pnorm")
(labels "Position" "pnorm")

((xy/key/label "curva-mslev")
-0.474875	57.1304
-0.374475	56.8624
-0.286375	56.738
-0.21057	56.6598
-0.1475	56.2577
-0.0930467	55.8145
-0.0464612	55.3313
-0.00688795	54.8416
0.0266614	54.2945
0.055425	53.6983
0.0803398	52.9672
0.101308	52.0284
0.11871	50.7615
0.133364	48.1661
0.146332	42.048
0.159802	32.9062
0.175404	22.3097
0.192605	14.131
0.211027	8.90928
0.230192	5.48996
0.249646	3.28206
0.268935	1.91548
0.287599	1.09046
0.305167	0.601781
0.32124	0.320608
0.335412	0.158384
0.347354	0.125957
0.358409	0.345341
0.370418	0.481851
0.384824	0.511086
0.401795	0.5267
0.42145	0.53855
0.444015	0.545496
0.470255	0.55059
0.500802	0.557414
0.536349	0.562114
0.577816	0.557682
0.626225	0.544258
0.682665	0.525406
0.748455	0.508934
0.825638	0.516277
0.914659	0.572189
1.01432	0.649221
1.04448	0.654693
1.07216	0.62704
1.09601	0.616474
1.11648	0.615041
1.13441	0.620926
1.15059	0.651298
1.16901	0.699213
1.22608	0.756072
1.28661	0.829312
1.34568	0.792123
1.3995	0.682606
1.44713	0.641056
1.48839	0.66211
1.52461	0.671041
1.55821	0.553862
1.53913	0.475546
1.5182	0.521856
1.49436	0.501208
1.46703	0.462533
1.43578	0.440891
1.40246	0.444777
1.37313	0.447645
1.34805	0.424955
1.32672	0.309693
1.30785	1.14567
1.25837	2.01906
1.20429	2.0297
1.14352	2.04126
1.07324	2.04717
0.991754	2.00441
0.898971	1.85718
0.808015	1.41984
0.72165	0.73094
0.627304	0.375979
0.55395	0.290337
0.470433	0.298328
0.373415	0.314346
0.257256	0.342319
0.123787	0.386095
-0.0220028	1.3918
-0.474875	57.1304
-0.58088	57.298
-0.67929	57.6538
-0.764681	57.6874
-0.837674	57.1524
-0.900769	56.6187
-0.954126	56.0973
-0.998956	55.5705
-1.03746	54.4228
-1.07306	53.0984
-1.1069	52.4161
-1.14088	53.608
-1.17794	56.4052
-1.21635	60.149
-1.25292	64.3646
-1.28348	69.7578
-1.30665	74.814
-1.32186	79.0303
-1.33078	81.739
-1.33515	83.6797
-1.33643	84.5243
-1.33642	83.9693
-1.3364	83.4862
-1.33638	81.8794
-1.33636	79.6498
-1.33634	76.9077
-1.33631	74.7383
-1.33628	77.6103
-0.0220028	1.3918
-0.208034	2.4052
-0.369017	2.53321
-0.506828	2.68893
-0.623985	2.73239
-0.723425	2.68635
-0.807635	2.54088
-0.879156	2.28107
-0.94041	1.94239
-0.992067	1.655
-1.03599	1.42341
-1.0735	1.23012
-1.10543	1.06742
-1.13208	0.947779
-1.15477	0.9767
-1.17452	1.22139
-1.19333	1.87234
-1.21277	3.05735
-1.23215	4.7655
-1.251	7.14894
-1.26887	10.2775
-1.28535	14.1336
-1.30002	18.6524
-1.31255	23.8329
-1.32261	29.6808
-1.32997	36.2688
-1.33447	44.892
-1.33598	52.991
-1.33599	58.6913
-1.33599	62.2691
-1.336	64.5162
-1.33601	66.2607
-1.33602	67.4374
-1.33603	68.3979
-1.33604	68.9002
-1.33605	69.1018
-1.33607	68.792
-1.33609	68.3006
-1.33611	68.0481
-1.33613	69.1638
-1.33616	76.8874
-1.3362	89.6434
-1.33624	89.2314
-1.33628	77.6103
)
