(title "Static Temperature")
(labels "Position" "Static Temperature")

((xy/key/label "curva-mslev")
-0.474875	768.209
-0.374475	767.684
-0.286375	768.179
-0.21057	770.847
-0.1475	766.958
-0.0930467	766.293
-0.0464612	765.754
-0.00688795	764.497
0.0266614	763.793
0.055425	762.981
0.0803398	761.747
0.101308	760.188
0.11871	757.695
0.133364	755.322
0.146332	729.461
0.159802	716.618
0.175404	686.481
0.192605	655.307
0.211027	629.317
0.230192	606.747
0.249646	586.941
0.268935	570.605
0.287599	557.818
0.305167	548.235
0.32124	542.117
0.335412	527.221
0.347354	534.012
0.358409	708.615
0.370418	763.792
0.384824	761.334
0.401795	761.657
0.42145	762.464
0.444015	762.924
0.470255	762.791
0.500802	762.703
0.536349	762.986
0.577816	762.721
0.626225	760.606
0.682665	756.429
0.748455	751.049
0.825638	747.704
0.914659	753.435
1.01432	764.12
1.04448	771.29
1.07216	771.45
1.09601	769.734
1.11648	766.97
1.13441	762.99
1.15059	763.026
1.16901	764.914
1.22608	765.697
1.28661	767.282
1.34568	763.472
1.3995	757.217
1.44713	758.013
1.48839	762.096
1.52461	762.466
1.55821	752.964
1.53913	755.322
1.5182	755.852
1.49436	748.702
1.46703	743.785
1.43578	748.039
1.40246	754.863
1.37313	760.031
1.34805	766.97
1.32672	713.128
1.30785	671.311
1.25837	703.027
1.20429	721.356
1.14352	711.659
1.07324	733.293
0.991754	740.875
0.898971	756.938
0.808015	768.11
0.72165	765.886
0.627304	710.889
0.55395	644.632
0.470433	659.759
0.373415	637.369
0.257256	653.689
0.123787	638.456
-0.0220028	663.481
-0.474875	768.209
-0.58088	769.033
-0.67929	769.896
-0.764681	770.094
-0.837674	769.449
-0.900769	768.578
-0.954126	767.669
-0.998956	766.387
-1.03746	763.957
-1.07306	760.509
-1.1069	758.828
-1.14088	760.77
-1.17794	764.598
-1.21635	770.083
-1.25292	775.408
-1.28348	784.774
-1.30665	788.964
-1.32186	794.416
-1.33078	798.739
-1.33515	802.144
-1.33643	804.459
-1.33642	805.732
-1.3364	805.113
-1.33638	804.364
-1.33636	803.636
-1.33634	802.829
-1.33631	799.897
-1.33628	798.697
-0.0220028	663.481
-0.208034	665.642
-0.369017	668.615
-0.506828	675.005
-0.623985	677.55
-0.723425	678.509
-0.807635	675.071
-0.879156	666.146
-0.94041	652.025
-0.992067	638.644
-1.03599	625.115
-1.0735	611.732
-1.10543	598.84
-1.13208	587.662
-1.15477	596.295
-1.17452	543.835
-1.19333	588.057
-1.21277	600.477
-1.23215	616.465
-1.251	633.592
-1.26887	651.284
-1.28535	668.994
-1.30002	686.118
-1.31255	702.714
-1.32261	719.082
-1.32997	735.235
-1.33447	752.738
-1.33598	762.533
-1.33599	781.149
-1.33599	785.719
-1.336	789.536
-1.33601	792.369
-1.33602	795.357
-1.33603	795.462
-1.33604	796.361
-1.33605	796.601
-1.33607	795.885
-1.33609	794.756
-1.33611	793.314
-1.33613	791.936
-1.33616	796.891
-1.3362	802.871
-1.33624	802.778
-1.33628	798.697
)
