I                         i_b00                     i_b10                     i_b20                     i_b30                     i_b45                     
1                         0                         0                         0                         0                         0                         
1                         0                         0                         0                         0                         0                         
2                         1.098394888120376         9.924525176489016         19.89957591745612         30.14621820650828         44.88472141802198         
3                         2.072288719671931         9.946369023995452         19.84606324824022         30.06980088777098         44.7864920001732          
4                         3.05598913419343          10.06487462242058         19.83979495696351         30.02275468426323         44.70532341263695         
5                         4.042343146592942         10.27669823891291         19.88081577820953         30.00521881977891         44.64131300962107         
6                         5.029789842720375         10.57623382191084         19.96883386722875         30.01724541146658         44.59453805574255         
7                         6.017791347063482         10.95628906905407         20.10323105329459         30.05879870481821         44.56505528605532         
8                         7.006112946690934         11.40881896337546         20.28308409924843         30.12975559908074         44.55290058027541         
9                         7.994635938569723         11.92557484155562         20.50719530079085         30.22990744515005         44.55808875561068         
10                        8.983293857200142         12.49859168772648         20.77413014918307         30.35896305505603         44.58061348102081         
11                        9.972046597269873         13.12049885815263         21.08225946271863         30.51655282287366         44.62044731408236         
12                        10.96086853112186         13.78467925448074         21.42980337272336         30.70223382353183         44.67754185995395         
13                        11.9497425221644          14.48531750660089         21.81487478674149         30.91549573024039         44.75182805027001         
14                        12.93865668223209         15.21737697914406         22.23552037038651         31.15576737414571         44.84321653817662         
15                        13.92760250989362         15.97653723993653         22.68975760375647         31.42242376168468         44.95159820420158         
16                        14.9165737691414          16.75911399338536         23.1756069984665          31.71479336558809         45.0768447662555          
17                        15.90556578635            17.5619752442723          23.69111904574294         32.03216551367437         45.21880948582373         
18                        16.89457499416905         18.38246143435268         24.23439586626495         32.37379771413735         45.37732796135389         
19                        17.88359862678474         19.21831331748038         24.80360783209125         32.73892277538532         45.55221899898981         
20                        18.87263451103678         20.0676089192818          25.39700563085866         33.1267556009644          45.74328555016131         
21                        19.86168091998331         20.92870957014826         26.01292835448465         33.53649956409497         45.95031570511335         
22                        20.85073646818162         21.80021431551911         26.64980823646876         33.96735239044018         46.17308373124852         
23                        21.83980003546023         22.6809217225105          27.30617265246012         34.41851150073364         46.41135114515272         
24                        22.82887071054152         23.56979804019377         27.98064395541746         34.88917878593136         46.66486780736265         
25                        23.81794774874326         24.46595072384438         28.67193765383104         35.37856480602362         46.9333730292978          
26                        24.80703053982817         25.36860643787694         29.37885937005949         35.88589241921255         47.21659668229708         
27                        25.7961185832761          26.27709277271936         30.10030094356725         36.41039986073203         47.51426029934569         
28                        26.7852114690585          27.19082302921449         30.83523597567626         36.95134330023645         47.82607816082995         
29                        27.77430886254138         28.10928353168867         31.58271505118151         37.50799891362762         48.15175835648646         
30                        28.76341049252129         29.03202302442812         32.34186081908113         38.07966450972391         48.49100381659511         
31                        29.7525161416631          29.95864378563957         33.11186306995654         38.66566075464834         48.84351330637854         
32                        30.74162563879689         30.88879415908968         33.89197391077409         39.26533203758353         49.20898237849214         
33                        31.73073885266602         31.8221622581325          34.68150310828063         39.87804702096088         49.58710427939799         
34                        32.71985568681779         32.75847064146847         35.47981364878637         40.50319891654412         49.97757080629786         
35                        33.70897607539965         33.69747179637653         36.28631754400364         41.14020552652028         50.38007311214054         
36                        34.6980999796786          34.63894429477129         37.10047189881853         41.78850908587093         50.79430245700395         
37                        35.68722738514169         35.58268951150605         37.9217752465961          42.44757593916655         51.21995090487816         
38                        36.67635829906574         36.52852881391162         38.74976415013936         43.11689608167134         51.65671196553128         
39                        37.66549274846852         37.47630114748079         39.58401006114094         43.79598259139017         52.10428118172759         
40                        38.65463077837123         38.42586095558286         40.42411642738301         44.48437097552775         52.56235666257979         
41                        39.64377245031579         39.37707638168219         41.26971603465736         45.18161845183063         53.0306395642607          
42                        40.63291784109259         40.32982771119968         42.12046856906436         45.88730318248605         53.50883451967079         
43                        41.6220670416409          41.28400601725916         42.9760583847595          46.6010234756873          53.9966500189653          
44                        42.61122015609324         42.2395119804021          43.8361924621444          47.32239696765152         54.49379874308644         
45                        43.60037730093874         43.19625485716799         44.70059854179548         48.05105979579713         54.99999785263331         
46                        44.58953860428542         44.15415157641513         45.5690234199699          48.78666577194326         55.51496923453479         
47                        45.57870420520499         45.11312594555529         46.44123139223625         49.52888556277652         56.03843970907742         
48                        46.5678742531462          46.07310795161478         47.31700283258082         50.27740588341984         56.57014119988457         
49                        47.55704890740565         47.03403314431853         48.19613289619172         51.03192870872162         57.10981086945283         
50                        48.5462283366459          47.99584209030203         49.07843033498691         51.79217050583959         57.65719122282871         
51                        49.53541271845342         48.95847988915459         49.96371641580356         52.55786149080642         58.21203018196078         
52                        50.52460223892925         49.92189574334133         50.8518239319901          53.32874491101465         58.77408113319316         
53                        51.51379709230692         50.88604257518309         51.74259629992525         54.10457635493139         59.34310295027947         
54                        52.50299748059236         51.85087668502964         52.63588673272636         54.8851230898314          59.9188599951955          
55                        53.49220361322237         52.81635744557082         53.53155748409719         55.67016342790812         60.50112209892036         
56                        54.48141570673751         53.78244702791839         54.42947915590265         56.45948612077328         61.08966452423675         
57                        55.47063398446694         54.74911015567591         55.32953006364465         57.25288978207279         61.68426791248079         
58                        56.45985867622242         55.7163138837134          56.23159565455273         58.05018233772402         62.2847182160474          
59                        57.4490900179994          56.6840273987905          57.13556797349364         58.85118050310418         62.89080661833291         
60                        58.43832825168344         57.65222183953751         58.04134517235352         59.65570928638643         63.50232944267403         
61                        59.42757362476027         58.62087013361889         58.9488310589532          60.46360151712101         64.11908805172136         
62                        60.41682639002834         59.5899468501733          59.85793468192657         61.27469739908874         64.74088873856886         
63                        61.40608680531257         60.5594280658589          60.7685699483276          62.08884408640714         65.36754261084775         
64                        62.39535513317854         61.52929124303429         61.68065527103356         62.90589528184241         65.99886546888594         
65                        63.38463164064609         62.49951511878019         62.59411324328678         63.72571085626865         66.63467767893107         
66                        64.37391659890196         63.47007960361937         63.50887033796356         64.54815648821663         67.27480404233889         
67                        65.36321028301064         64.44096568892384         64.42485662938351         65.37310332246565         67.91907366153659         
68                        66.35251297162327         65.41215536211439         65.34200553567221         66.20042764665003         68.56731980348717         
69                        67.34182494668394         66.38363152885681         66.26025357987382         67.03001058487735         69.21937976129871         
70                        68.33114649313328         67.35537794154838         67.17954016817235         67.86173780738389         69.8750947145513          
71                        69.3204778986093          68.32737913346386         68.09980738372928         68.69549925528554         70.53430958884363         
72                        70.30981945314488         69.29962035799875         69.02099979477795         69.53118887951594         71.19687291499963         
73                        71.29917144886225         70.2720875325063          69.94306427573515         70.36870439308086         71.86263668831671         
74                        72.28853417966425         71.24476718627685         70.86594984019887         71.20794703579195         72.53145622818428         
75                        73.27790794092229         72.21764641225458         71.78960748479899         72.04882135068108         73.20319003835252         
76                        74.26729302916124         73.19071282212634         72.71399004295473         72.89123497133126         73.87769966808685         
77                        75.25668974174116         74.16395450445384         73.63905204767315         73.73509841939551         74.55484957440362         
78                        76.24609837653605         75.1373599855511          74.56474960259338         74.58032491160897         75.23450698554527         
79                        77.2355192316098          76.11091819283789         75.49104026054664         75.42683017563218         75.91654176582092         
80                        78.22495260488931         77.08461842042341         76.41788290895849         76.27453227409518         76.60082628190753         
81                        79.21439879383529         78.05845029669756         77.34523766147369         77.12335143624134         77.28723527068098         
82                        80.20385809511055         79.03240375372438         78.27306575522893         77.97320989659806         77.97564570862073         
83                        81.19333080424641         80.0064689982518          79.20132945324242         78.82403174012873         78.66593668281156         
84                        82.18281721530713         80.98063648416407         80.12999195142537         79.67574275334395         79.35798926354535         
85                        83.17231762055268         81.95489688621836         81.05901728975512         80.52827028087439         80.05168637850889         
86                        84.16183231010041         82.92924107491761         81.98837026717926         81.38154308702799         80.74691268852871         
87                        85.15136157158541         83.90366009238191         82.91801635984631         82.23549122187494         81.44355446482916         
88                        86.1409056898203          84.8781451290894          83.84792164228256         83.09004589142124         82.14149946774911         
89                        87.13046494645437         85.85268750136534         84.7780527111552          83.94513933144832         82.8406368268508          
90                        88.12003961963272         86.82727862950412         85.70837661127949         84.80070468461123         83.54085692234574         
91                        89.10962998365542         87.8019100164145          86.63886076354362         85.65667588040101         84.24205126775367         
92                        90.09923630863722         88.77657322668303         87.56947289443767         86.5129875175881          84.94411239370388         
93                        91.08885886016799         89.75125986595309         88.50018096688474         87.36957474877489         85.64693373278158         
94                        92.07849789897423         90.72596156052106         89.43095311208003         88.22637316669281         86.35040950531651         
95                        93.06815368058216         91.70066993705184         90.36175756205152         89.08331869188768         87.05443460600698         
96                        94.05782645498238         92.67537660231683         91.29256258266024         89.94034746144224         87.75890449126766         
97                        95.04751646629661         93.65007312285884         92.22333640676082         90.79739571838863         88.46371506718707         
98                        96.03722395244678         94.62475100448603         93.1540471672449          91.65439970146737         89.16876257797728         
99                        97.0269491448267          95.59940167149726         94.08466282968813         92.51129553488995         89.87394349479702         
100                       98.01669226797672         96.57401644553772         95.01515112431959         93.36801911776234         90.57915440482695         
101                       99.00645353926168         97.54858652398133         95.94547947702738         94.22450601282564         91.28429190047557         
102                       99.99623316855231         98.52310295773209         96.87561493910799         95.08069133416673         91.98925246859311         
103                       100.9860313579105         99.49755662833195         97.80552411545816         95.93650963354759         92.693932379571           
104                       101.9758483012787         100.4719382242561         98.73517309089709         96.7918947849965          93.39822757620469         
105                       102.9656841841738         101.4462382162709         99.664527354295           97.64677986729666         94.10203356219837         
106                       103.9555391833854         102.42044683172           100.5935517201673         98.50109704399938         94.80524529019175         
107                       104.9454134666787         103.3945540275953         101.5222102473772         99.35477744057827         95.50775704919096         
108                       105.9353071925036         104.3685494622401         102.4504661545696         100.2077510183301         96.20946235128744         
109                       106.9252205097075         105.3424224655157         103.3782817319332         101.0599464446135         96.91025381755269         
110                       107.9151535572545         106.3161620072529         104.3056182488671         101.911290959002          97.6100230629995          
111                       108.90510646395           107.2897566637908         105.2324358570911         102.761710234912          98.30866058050538         
112                       109.8950793481708         108.2631945823877         106.1586934887135         103.6111282362484         99.00605562359824         
113                       110.8850723176014         109.2364634432701         107.0843487487269         104.4594670685873         99.70209608801132         
114                       111.8750854689753         110.2095504190586         108.0093578013658         105.3066468243999         100.3966683919203         
115                       112.8651188878234         111.1824421312888         108.9336752497091         106.1525854217912         101.0896573547841         
116                       113.8551726482272         112.1551246037086         109.8572540078641         106.9971984362084         101.7809460747195         
117                       114.8452468125782         113.1275832120057         110.7800451650063         107.8403989245422         102.470415804351          
118                       115.8353414313431         114.0998026295771         111.7019978404914         108.6820972410195         103.1579458250866         
119                       116.8254565428344         115.0717667689087         112.623059029179          109.5222008442536         103.8434133197871         
120                       117.8155921729861         116.0434587180879         113.5431734360356         110.3606140947863         104.5266932438082         
121                       118.8057483351346         117.0148606719092         114.4622832989919         111.1972380424261         105.2076581944127         
122                       119.7959250298043         117.9859538569764         115.3803281989378         112.0319702026477         105.8861782785702         
123                       120.7861222444967         118.9567184501254         116.2972448556271         112.8647043212868         106.5621209791791         
124                       121.7763399534839         119.9271334894152         117.2129669081492         113.6953301267249         107.2353510197749         
125                       122.7665781176031         120.8971767768323         118.1274246784899         114.5237330687238         107.9057302278088         
126                       123.7568366840585         121.8668247717567         119.0405449165608         115.3497940430309         108.5731173966143         
127                       124.7471155862142         122.8360524740926         119.9522505249087         116.1733891008423         109.2373681462113         
128                       125.7374147433967         123.8048332958526         120.8624602611475         116.9943891421732         109.8983347831293         
129                       126.7277340606908         124.7731389197931         121.7710884159421         117.8126595921526         110.5558661594757         
130                       127.7180734287332         125.7409391435225         122.6780444641644         118.6280600592312         111.2098075315158         
131                       128.7084327235014         126.7082017072816         123.5832326865906         119.4404439742611         111.8600004180791         
132                       129.6988118060945         127.674892103341          124.4865517592386         120.2496582093918         112.5062824591596         
133                       130.6892105225043         128.6409733646643         125.3878943071476         121.055542675708          113.1484872751343         
134                       131.6796287033733         129.6064058301452         126.2871464190643         121.8579298985395         113.7864443270864         
135                       132.6700661637354         130.5711468833247         127.1841871191401         122.6566445693754         114.419978778787          
136                       133.6605227027364         131.5351506610293         128.0788877913357         123.4515030733486         115.0489113609625         
137                       134.650998103327          132.4983677278226         128.9711115517842         124.2423129912932         115.6730582385534         
138                       135.6414921319248         133.460744711522          129.8607125638794         125.0288725754525         116.2922308817548         
139                       136.6320045380363         134.4222238942778         130.7475352903157         125.8109701980062         116.9062359417189         
140                       137.6225350538313         135.3827427528178         131.6314136757268         126.5883837717203         117.5148751318972         
141                       138.6130833936596         136.3422334404106         132.5121702529312         127.3608801421922         118.1179451161009         
142                       139.6036492534976         137.3006222018493         133.3896151651104         128.1282144513872         118.7152374044666         
143                       140.5942323103106         138.2578287112726         134.2635450955064         128.8901294724375         119.3065382586266         
144                       141.5848322213132         139.2137653208689         135.1337420954414         129.6463549160263         119.8916286075007         
145                       142.5754486231067         140.1683362063942         135.9999723006361         130.3966067090995         120.4702839752474         
146                       143.5660811306672         141.1214363928938         136.8619845249461         131.1405862471728         121.0422744230366         
147                       144.5567293361538         142.0729506409724         137.7195087197595         131.8779796221204         121.6073645064324         
148                       145.5473928074975         143.0227521702769         138.5722542864358         132.6084568280837         122.1653132502984         
149                       146.5380710867218         143.9707011924161         139.4199082283346         133.3316709490199         122.7158741432663         
150                       147.528763687938          144.9166432201527         140.2621331282481         134.047257332457          123.2587951539249         
151                       148.5194700949379         145.8604071131611         141.0985649364549         134.7548327552367         123.7938187710043         
152                       149.5101897582904         146.8018028126683         141.928810554261          135.4539945884387         124.3206820699336         
153                       150.500922091824          147.7406187075543         142.7524451978814         136.144319970305          124.8391168082437         
154                       151.4916664683415         148.6766185625661         143.5690095280036         136.825364997828          125.3488495523654         
155                       152.4824222143703         149.6095379246727         144.3780065315491         137.4966639497628         125.8496018384242         
156                       153.4731886036948         150.5390799056179         145.178898144258          138.1577285561561         126.3410903696709         
157                       154.4639648493354         151.4649102166243         145.9711016060808         138.80804733207           126.823027253184          
158                       155.4547500935332         152.3866513039953         146.7539855463674         139.4470849960027         127.2951202784489         
159                       156.445543395149          153.3038754009001         147.5268658029697         140.0742819965352         127.7570732403436         
160                       157.4363437136806         154.2160962695114         148.2890009892349         140.689054173939          128.2085863089416         
161                       158.4271498888054         155.1227593573398         149.0395878361391         141.290792586779          128.6493564483717         
162                       159.4179606139388         156.0232300303174         149.7777563543382         141.8788635368638         129.0790778867432         
163                       160.4087744016868         156.9167794712121         150.5025648835931         142.4526088290869         129.4974426388579         
164                       161.3995895381657         157.8025677438994         151.2129951258492         143.0113463056243         129.9041410830708         
165                       162.3904040218026         158.6796234214127         151.9079472941823         143.5543706963807         130.2988625932338         
166                       163.3812154801347         159.5468190602005         152.586235553702          144.0809548292806         130.6812962261603         
167                       164.3720210548445         160.4028416804098         153.2465839828537         144.5903512446712         131.0511314644708         
168                       165.3628172399742         161.2461572957189         153.887623344284          145.0817942574346         131.408059014037          
169                       166.3535996495277         162.0749684531356         154.5078890224721         145.5545025080177         131.7517716545245         
170                       167.3443626757666         162.8871637429729         155.1058205581207         146.0076820391343         132.0819651407548         
171                       168.3350989732264         163.6802584088891         155.6797632822033         146.4405299280028         132.3983391517668         
172                       169.3257986552561         164.4513256724648         156.2279726182611         146.8522384943563         132.7005982835774         
173                       170.3164479972819         165.1969194161031         156.7486216694303         147.2420000918667         132.9884530807214         
174                       171.3070272534899         165.9129907835818         157.2398127226829         147.60901247498           133.2616211007164         
175                       172.2975067892811         166.5948045203025         157.6995932696444         147.9524847145452         133.5198280046698         
176                       173.2878397911061         167.2368660084146         158.1259770419838         148.2716436143669         133.7628086663328         
177                       174.277947411283          167.8328773288104         158.5169703714389         148.5657405575118         133.9903082910516         
178                       175.2676852832331         168.3757500223779         158.8706038966264         148.8340586867477         134.2020835352732         
179                       176.256756991655          168.8577116822804         159.1849692480116         149.0759202990618         134.3979036165794         
180                       177.2444415976292         169.2705484985756         159.4582598625088         149.2906943112633         134.5775514036561         
181                       178.228412960759          169.6060184751099         159.6888145457057         149.4778036338203         134.7408244751916         
182                       179.1949251733409         169.8564409635008         159.8751618718291         149.6367322750447         134.8875361364559         
183                       179.6501455939573         170.0154134979495         160.0160630683327         149.7670319891184         135.017516382261          
184                       178.750203885703          170.0785384669158         160.1105507611378         149.8683282806492         135.1306127951617         
185                       177.7715824882163         170.043992406097          160.1579609367973         149.940325586383          135.2266913681253         
186                       176.7853625696243         169.91277913445           160.1579557578078         149.9828114717794         135.3056372414965         
187                       175.7968914128929         169.6885891681116         160.1105354473019         149.9956597060576         135.367355344894          
188                       174.8074561611382         169.3773089949798         160.016038283084          149.9788321130145         135.411770935692          
189                       173.817521345305          168.9863221899898         159.8751287014484         149.9323791346945         135.4388300269575         
190                       172.8272955273112         168.5237745771709         159.6887744716495         149.8564390885767         135.4484996990839         
191                       171.8368863770856         167.9979392917416         159.4582147254425         149.7512361437187         135.4407682908853         
192                       170.8463552109539         167.416750479362          159.1849212058788         149.6170770845127         135.41564546753           
193                       169.8557396081962         166.7875134993902         158.8705553792253         149.4543469697751         135.3731621643776         
194                       168.8650639635909         166.1167628285819         158.5169240338637         149.2635038276065         135.3133704074892         
195                       167.874344869719          165.4102260038476         158.1259357189851         149.0450725511984         135.2363430132697         
196                       166.8835940609167         164.6728542533777         157.6995599325345         148.7996381765873         135.1421731713266         
197                       165.8928201169785         163.9088892400583         157.2397904399406         148.5278387300697         135.0309739161584         
198                       164.9020294960934         163.1219450075293         156.7486135717045         148.2303578310407         134.9028774946792         
199                       163.9112271860709         162.3150922495935         156.2279818680704         147.9079172264352         134.7580346378143         
200                       162.9204171288183         161.490937792284          155.6797930483139         147.5612694171515         134.5966137454404         
201                       161.929602505079          160.6516959355099         155.105873994353          147.191190516462          134.4187999947775         
202                       160.938785930274          159.7992505591751         154.5079692505372         146.7984734571689         134.2247943829545         
203                       159.9479695921877         158.9352081469163         153.8877334401728         146.3839216397536         134.0148127148656         
204                       158.9571553496707         158.0609424965545         153.246726966272          145.9483430894059         133.789084547612          
205                       157.9663448046284         157.17763213008           152.5864143800572         145.4925451667529         133.5478521027916         
206                       156.9755393553467         156.2862914544443         151.9081648486631         145.017329856188          133.2913691576776         
207                       155.9847402365456         155.3877966591375         151.2132542191873         144.5234896374767         133.0198999259255         
208                       154.9939485498447         154.4829072263706         150.5028682491524         144.0118039310882         132.7337179379011         
209                       154.003165287201          153.5722838070694         149.7781066462312         143.483036095522          132.4331049300404         
210                       153.0123913491273         152.6565030974448         149.0399876281223         142.9379309456613         132.1183497518785         
211                       152.021627558988          151.7360702442151         148.2894527741824         142.3772127546474         131.7897472985256         
212                       151.0308746743127         150.8114292142138         147.5273719927635         141.8015836976204         131.4475974754671         
213                       150.0401333958223         149.8829714861317         146.7545484720793         141.2117226935398         131.0922042016339         
214                       149.0494043746803         148.9510433573101         145.9717235183491         140.6082846008313         130.723874455752          
215                       148.0586882183594         148.0159521051386         145.1795812137837         139.9918997234421         130.3429173700637         
216                       147.0679854954149         147.0779711989711         144.3787528496597         139.3631735857007         129.9496433746233         
217                       146.0772967393937         146.1373447229181         143.5698211072426         138.7226869368911         129.5443633945259         
218                       145.0866224520495         145.1942911409625         142.7533239725976         138.070995949418          129.1273881016428         
219                       144.0959631060033         144.2490065123555         141.929758381178          137.4086325776595         128.6990272217142         
220                       143.1053191469544         143.3016672461568         141.0995835952098         136.7361050479259         128.2595888969952         
221                       142.1146909955269         142.3524324682457         140.2632243218935         136.0538984532346         127.8093791040732         
222                       141.1240790488175         141.4014460614772         139.4210735838008         135.3624754297954         127.3487011259641         
223                       140.1334836817016         140.4488384293205         138.5734953549542         134.6622768951042         126.8778550771648         
224                       139.1429052479372         139.494728024864          137.7208269772504         133.9537228303341         126.397137479971          
225                       138.1523440811051         138.5392226801387         136.8633813723727         133.2372130922629         125.906840890077          
226                       137.1618004954127         137.5824207650093         136.0014490643326         132.5131282422819         125.4072535692349         
227                       136.1712747863844         136.6244122001829         135.1353000274169         131.7818303820836         124.8986592025774         
228                       135.1807672314594         135.6652793450014         134.2651853737339         131.0436639874488         124.3813366580823         
229                       134.1902780905119         134.7050977774604         133.3913388938026         130.2989567331439         123.8555597855779         
230                       133.1998076063072         133.7439369812231         132.5139784628119         129.5480203033233         123.3215972526527         
231                       132.2093560049047         132.7818609521637         131.6333073243009         128.7911511830254         122.7797124148305         
232                       131.2189234960181         131.8189287351117         130.7495152621441         128.0286314273707         122.2301632174009         
233                       130.2285102733382         130.8551948999027         129.8627796708623         127.2607294059356         121.6732021263488         
234                       129.2381165148283         129.8907099645298         128.9732665334585         126.4877005205058         121.109076085903          
235                       128.247742382994          128.9255207720794         128.0811313151889         125.7097878950223         120.5380265003122         
236                       127.2573880251354         127.9596708272029         127.1865197809456         124.9272230370375         119.9602892375656         
237                       126.2670535735835         126.993200597081          126.2895687432403         124.1402264704133         119.3760946528848         
238                       125.2767391459249         126.026147781164          125.3904067471438         123.3490083393314         118.7856676299357         
239                       124.2864448452178         125.0585475534016         124.4891546979514         122.5537689839531         118.1892276378347         
240                       123.2961707602022         124.0904327801818         123.5859264368109         121.754699488283          117.586988802146          
241                       122.3059169655045         123.1218342167852         122.6808292690586         120.9519822009535         116.9791599881969         
242                       121.3156835218412         122.1527806847988         121.7739644495689         120.1457912297756         116.3659448951594         
243                       120.3254704762205         121.1832992326264         120.8654276290111         119.3362929109916         115.7475421594685         
244                       119.3352778621449         120.2134152809682         119.9553092645499         118.5236462542313         115.1241454662671         
245                       118.3451056998146         119.243152754911          119.0436949981869         117.708003364215          114.4959436676785         
246                       117.354953996334          118.2725342040739         118.1306660056446         116.8895098402683         113.8631209068169         
247                       116.3648227459205         117.3015809120835         117.2162993184208         116.0683051547226         113.2258567465485         
248                       115.374711930118          116.3303129964993         116.3006681213986         115.2445230112726         112.5843263021134         
249                       114.3846215180139         115.3587495001868         115.383842028176          114.4182916843458         111.9387003768085         
250                       113.3945514664612         114.3869084750158         114.4658873360766         113.5897343405205         111.2891456000174         
251                       112.4045017203054         113.4148070586696         113.5468672626286         112.7589693429995         110.6358245669527         
252                       111.4144722126177         112.4424615452572         112.6268421651324         111.9261105401211         109.9788959795497         
253                       110.4244628649322         111.4698874503525         111.7058697447942         111.0912675388489         109.3185147880172         
254                       109.4344735874901         110.4970995710117         110.7840052367694         110.2545459641512         108.6548323326174         
255                       108.4445042794893         109.5241120412664         109.8613015873414         109.4160477051437         107.9879964852987         
256                       107.4545548293396         108.5509383835361         108.9378096193553         108.57587114883           107.3181517908641         
257                       106.4646251149238         107.5775915563598         108.0135781869279         107.7341114022395         106.6454396074017         
258                       105.4747150038649         106.6040839988061         107.0886543203704         106.8908605037266         105.9699982457504         
259                       104.4848243537986         105.6304276718866         106.1630833621795         106.0462076241572         105.2919631078108         
260                       103.4949530126516         104.6566340972659         105.2369090948845         105.2002392586767         104.6114668235517         
261                       102.5051008189255         103.6827143935349         104.3101738614733         104.3530394097197         103.9286393865901         
262                       101.5152676019854         102.7086793102878         103.3829186790627         103.5046897618905         103.2436082882577         
263                       100.5254531823544         101.7345392602262         102.4551833464269         102.6552698493125         102.556498650088          
264                       99.53565737201265         100.7603043494885         101.5270065459544         101.8048572160188         101.8674333546858         
265                       98.54587997470084         99.7859844063931          100.5984259405577         100.9535275699271         101.1765331749603         
266                       97.5561207862285          98.81158900876319         99.66947826602706         100.1013549309188         100.4839169017231         
267                       96.56637959478647         97.8371275099922          98.74019941928512         99.24841177351904         99.78970146966884         
268                       95.57665618126302         96.86260906399515         97.8106245429678          98.39476916465185         99.09400208177013         
269                       94.58695031956388         95.88804264918318         96.88078810673434         97.54049689692697         98.39693233213536         
270                       93.5972617769357          94.91343709158835         95.95072398568276         96.68566361789458         97.69860432738571         
271                       92.60759031429218         93.93880108725944         95.02046553622904         95.83033695568962         96.99912880662042         
272                       91.61793568654352         92.96414322404307         94.0900456697896          94.97458364147185         96.29861526004868         
273                       90.62829764292779         91.98947200285947         93.15949692459142         94.1184696290547          95.59717204637342         
274                       89.63867592734492         91.01479585857672         92.22885153592208         93.26206021210483         94.89490650901988         
275                       88.64907027869212         90.04012318058612         91.29814150512041         92.40542013928344         94.19192509130811         
276                       87.65948043120103         89.0654623331767          90.36739866760047         91.548613727693           93.48833345067334         
277                       86.669906114776           88.0908216758065          89.43665476019467         90.69170497498497         92.78423657204267         
278                       85.68034705533321         87.11620958336714         88.5059414880976          89.83475767047912         92.07973888048066         
279                       84.69080297514041         86.14163446653758         87.57529059168904         88.97783550564066         91.37494435321886         
280                       83.70127359315684         85.16710479232489         86.64473391351409         88.12100218425901         90.6699566311874          
281                       82.71175862537318         84.19262910488975         85.71430346569932         87.26432153267035         89.96487913016836         
282                       81.72225778515116         83.21821604675837         84.78403149808661         86.40785761036658         89.25981515169217         
283                       80.73277078356227         82.24387438052486         83.85395056737157         85.55167482133466         88.55486799379912         
284                       79.74329732972602         81.26961301115205         82.92409360753987         84.69583802647374         87.8501410617888          
285                       78.75383713114631         80.29544100898465         81.99449400190385         83.84041265744119         87.14573797907961         
286                       77.76438989404686         79.32136763359364         81.06518565705233         82.9854648322852          86.44176269830066         
287                       76.77495532370449         78.3474023585788          80.13620307904048         82.13106147322897         85.73831961273719         
288                       75.78553312478061         77.37355489746446         79.20758145216119         81.27727042697943         85.03551366824851         
289                       74.79612300165033         76.39983523083271         78.2793567206578          80.42416058794539         84.3334504757765          
290                       73.80672465872917         75.42625363484964         77.35156567375867         79.5718020247602          83.63223642455939         
291                       72.81733780079705         74.45282071135354         76.4242460344373          78.72026611051859         82.93197879616233         
292                       71.82796213331949         73.47954741968661         75.49743655232871         77.86962565715211         82.23278587943292         
293                       70.83859736276588         72.50644511047025         74.57117710126209         77.01995505438394         81.53476708648527         
294                       69.8492431969245          71.53352556154036         73.64550878190416         76.17133041372253         80.83803306980991         
295                       68.8598993452145          70.5608010162818          72.72047403004402         75.32382971797327         80.14269584060244         
296                       67.87056551899452         69.58828422462369         71.79611673109385         74.47753297676914         79.44886888839511         
297                       66.88124143186799         68.61598848698456         70.8724823414248          73.63252238864445         78.75666730206814         
298                       65.8919267999854          67.6439277014868          69.9496180172109          72.78888251020136         78.06620789230855         
299                       64.90262134234293         66.67211641479396         69.02757275151083         71.94670043294464         77.37760931557311         
300                       63.91332478107844         65.7005698769636          68.10639752038166         71.10606596838983         76.69099219960037         
301                       62.92403684176424         64.7293041007527          67.1861454388907          70.26707184207847         76.00647927050353         
302                       61.93475725369729         63.75833592586254         66.26687192797003         69.42981389716687         75.32419548146028         
303                       60.94548575018703         62.78768308866733         65.34863489314644         68.59439130828723         74.64426814299887         
304                       59.95622206884102         61.81736429803547         64.43149491627754         67.76090680641364         73.96682705486053         
305                       58.96696595184947         60.84739931792657         63.51551546153196         66.92946691550182         73.29200463939726         
306                       57.97771714626835         59.87780905753149         62.60076309697268         66.10018220170602         72.6199360764393          
307                       56.98847540430275         58.90861566981978         61.68730773323484         65.27316753601394         71.95075943954147         
308                       55.99924048359054         57.93984265946854         60.77522288093741         64.448542371176           71.28461583348628         
309                       55.0100121474878          56.97151500127428         59.86458592863197         63.62643103384121         70.621649532891           
310                       54.02079016535725         56.00365927029485         58.95547844327297         62.80696303284585         69.96200812172796         
311                       53.03157431286058         55.03630378513575         58.04798649539546         61.99027338463354         69.3058426335288          
312                       52.0423643722571          54.06947876598946         57.14220101140957         61.17650295681351         68.65330769199899         
313                       51.05316013270981         53.1032165092593          56.23821815566766         60.36579883088807         68.00456165172119         
314                       50.06396139060204         52.13755158085857         55.33613974523419         59.55831468519868         67.35976673857296         
315                       49.07476794986653         51.17252103057666         54.4360737005907          58.7542111991491          66.71908918942765         
316                       48.08557962233088         50.20816463025292         53.53813453584336         57.95365647976439         66.08269939064417         
317                       47.09639622808224         49.24452513890699         52.64244389236946         57.15682651163135         65.45077201478414         
318                       46.10721759585651         48.28164859845081         51.74913112024691         56.3639056312356          64.82348615492135         
319                       45.11804356345644         47.31958466416506         50.85833391225848         55.57508702666279         64.20102545583023         
320                       44.12887397820521         46.35838697477789         49.97019899575431         54.79057326355672         63.58357824125431         
321                       43.1397086974426          45.39811356775497         49.08488288819446         54.01057683812527         62.9713376363665          
322                       42.15054758907239         44.43882734631904         48.20255272278013         53.23532075784685         62.36450168443635         
323                       41.1613905321711          43.48059660579359         47.32338715121896         52.46503915034994         61.76327345661709         
324                       40.17223741767082         42.52349562814137         46.44757733135832         51.69997790070862         61.16786115365922         
325                       39.18308814913063         41.56760535508605         45.57532800815715         50.9403953171073          60.57847819824448         
326                       38.19394264361458         40.6130141520156          44.7068586972511          50.18656282447012         59.99534331651744         
327                       37.20480083269808         39.65981867702926         43.84240498118882         49.43876568521065         59.41868060727287         
328                       36.21566266362919         38.70812487208512         42.98221992926958         48.69730374572445         58.84871959713265         
329                       35.22652810067699         37.75804909632465         42.12657565277638         47.96249220660619         58.28569527992329         
330                       34.23739712670734         36.80971942541165         41.27576500825106         47.23466241380803         57.72984813833999         
331                       33.2482697450351          35.86327714526991         40.43010346226286         46.51416266705057         57.18142414586172         
332                       32.25914598161455         34.91887847411692         39.5899311318317          45.80135904073478         56.64067474676338         
333                       31.27002588764491         33.97669655339077         38.75561501521587         45.09663621136387         56.10785681196            
334                       30.28090954268833         33.03692375633296         37.92755142807491         44.40039828405023         55.58323256831609         
335                       29.29179705842346         32.09977437296415         37.10616865995098         43.71306960903827         55.06706949896446         
336                       28.30268858319287         31.1654877424016          36.2919298654278          43.03509557730174         54.55964021210679         
337                       27.3135843075475          30.23433191844642         35.48533620302351         42.36694338216568         54.06122227571674         
338                       26.32448447105311         29.30660797277154         34.68693023259859         41.70910273155052         53.57209801554054         
339                       25.33538937070599         28.38265506267568         33.89729957849309         41.06208649284037         53.09255427379401         
340                       24.34629937141781         27.46285641821529         33.11708086034103         40.4264312495563          52.62288212599514         
341                       23.35721491918629         26.54764643776949         32.34696388605413         39.80269774599027         52.16337655345104         
342                       22.36813655778451         25.63751912312488         31.58769609121456         39.19147119277844         51.7143360690452          
343                       21.37906495011165         24.73303813657991         30.84008719535921         38.593361403129           51.27606229414953         
344                       20.39000090579066         23.83484882507832         30.10501402755069         38.00900272616907         50.84885948472058         
345                       19.40094541724367         22.94369263167446         29.38342545029523         37.43905374076871         50.43303400493699         
346                       18.41189970743661         22.06042440398872         28.67634728131829         36.8841966704037          50.02889374709804         
347                       17.42286529393115         21.18603321295016         27.9848870759987          36.34513647734307         49.63674749693671         
348                       16.43384407611621         20.32166741093787         27.31023858859962         35.82259959294402         49.25690424400405         
349                       15.44483845600947         19.46866477982381         26.65368567738586         35.31733224039654         48.88967243735856         
350                       14.45585150870584         18.62858873155559         26.01660535748903         34.83009830721191         48.53535918744299         
351                       13.46688722799039         17.80327159755827         25.40046963722184         34.36167672744783         48.1942694157455          
352                       12.47795088880759         16.99486602486239         24.80684570124728         33.9128583384642          47.86670495462228         
353                       11.48904959697521         16.20590529360365         24.23739393250483         33.48444218425562         47.55296360049098         
354                       10.50019314953688         15.43937282874408         23.6938632017662          33.07723124739597         47.25333812448219         
355                       9.511395431718055         14.69878005721871         23.17808281007825         32.69202760456147         46.96811524554346         
356                       8.522676786029761         13.98824970592845         22.69195045951921         32.3296270165288          46.697574571911           
357                       7.534068245940283         13.31259817674486         22.23741566902193         31.99081298235186         46.44198751778121         
358                       6.54561960366755          12.67740525912054         21.81645816340706         31.67635030874053         46.20161620290166         
359                       5.557416080295666         12.08905183319109         21.43106096288469         31.38697826886785         45.97671234364147         
360                       4.569616600680855         11.55469680470723         21.08317819920967         31.12340344899216         45.76751614486237         
